#!/bin/bash
# By: Anonymous Zpt
# Ofuscador De Anonymous Zpt
# Github: https://github.com/Anonymous-Zpt
# Youtube: http://www.youtube.com/c/AnonymousZpt
Anonymous_Zpt=$(mktemp)
basenc --base2msbf -d  >${Anonymous_Zpt}<<DIXIE
0010001100100001001011110110001001101001011011100010111101100010011000010111
0011011010000000101000100011000010100010001100100000010000100111100100111010
0010000001000001011011100110111101101110011110010110110101101111011101010111
0011001000000101101001110000011101000000101000100011001000000100111101100110
0111010101110011011000110110000101100100011011110111001000100000010001000110
0101001000000100000101101110011011110110111001111001011011010110111101110101
0111001100100000010110100111000001110100000010100010001100100000010001110110
1001011101000110100001110101011000100011101000100000011010000111010001110100
0111000001110011001110100010111100101111011001110110100101110100011010000111
0101011000100010111001100011011011110110110100101111010000010110111001101111
0110111001111001011011010110111101110101011100110010110101011010011100000111
0100000010100010001100100000010110010110111101110101011101000111010101100010
0110010100111010001000000110100001110100011101000111000000111010001011110010
1111011101110111011101110111001011100111100101101111011101010111010001110101
0110001001100101001011100110001101101111011011010010111101100011001011110100
0001011011100110111101101110011110010110110101101111011101010111001101011010
0111000001110100000010100111001101101111011101010111001001100011011001010010
0000001111000010100001100111011110100110100101110000001000000010110101100011
0010000000101101011001000010000000100000001111000010100001110100011000010110
1001011011000010000000101101011011100010101100100010001001000010100000101000
0100110001001001010011100100010101001110010011110010000000101011001000000011
0010001010010010100100100010001000000010001000100100010000100100000101010011
0100100001011111010100110100111101010101010100100100001101000101001000100010
1001001010010011101100001010011100110111010001100001011101000111010101110011
0011110100100010001001000011111100100010001110110010000001110010011001010111
0100011101010111001001101110001000000010001000100100011100110111010001100001
0111010001110101011100110010001000100000001100100011111000100000001011110110
0100011001010111011000101111011011100111010101101100011011000010000001111100
0111110000100000011001010111100001101001011101000010000000100010001001000111
0011011101000110000101110100011101010111001100100010000010100001111110001011
0000100000000000000000000000000000000000000000000000000000000011111011010101
1101010011011000111100011100110001111001000110111101111001111010111110011000
1000010101110101110110000011110111010000100011001101100010100011011000000010
1111111000001000010110001100100001010100111001111011111101011111101001100010
1001100000110100101101010011001000010110001001000000010110010001100001000010
0000000110001111111011101111110010111110100111001010011110001111000100100010
0011001010110011001010101011001110111010100001110001101001010010010000111010
1000010101011101001101010101010110010001000100101111010111101011110010001000
1110101011111010111111101100110110111111001111000111111111110001111101110011
0111110011110101111111111100111101011101110111110111111001010011011101110111
1111111111111001111100111101011101110111011111110111100011110011111101101100
1101110011111010111111011111011111100111100001110111111101111110011100011111
1101111001111111100111001111011111011111110111110111110101111000111101111111
0010101011110111111101111011111110111110001111011101001101111010111110011010
1000010111111111111101011111011111110111110111110111111101111000111100011111
0101110111011111011111101111110111111111111111110000111011101110101111100111
1100111111111111111101111111001011111101101101110010111111011111101111100111
1110100011101010000111001111101101101010000111111111111100111111011011000011
1111101100001111001011110101111001101101011000110011111100001110111111011110
1001101001111001111101111110111110111111001100110110111011110011001011111110
1010010110101111011100011011111100000010101111101111110011100101111000111011
0111110111110111111111110101101011111010111111111111111011111111110110101011
1101011100111111111111000101101111111001100010001111010011010101100110111001
0111011101111100111110011110110111011111111111110001111011111010111111011111
1011110111111000111011101110111011011001110111111110111011101110111111101110
0011101010110111111110000100001101011111111011111001101110111101111101111101
1111001111101101100111111011111011111101011000110001000101010001111110011111
1000110100010110110100101010100101111010100101111110111111000111011110011001
0111010111111001101010100011011011110011011111101011111011110100100101101101
1011110011001011001010001101110101101100110111010100001101101011011111011010
1010111011111111101010111011011011110000110110010111110011010111100101010110
0000111100000011001010100011100010000011100110101100001011101100110000010010
0011111001011000100010111101011011001100011000111110101001101010001001010111
1010000001100011001011110011111010101100100010110100000110101101111001110001
0101110011100110001111000010101110110001011000010001010000010000001001010011
0101111101101011001011100010001110010011100101101110000111001001010000010000
0001101010110001011110111100011001000001001000010001001001110101001001110001
0100001110001111001011110100101101010101100100101110101111100111110000100101
1100010000111110100000001101001001100110010100010001110000001001000010011101
0010010101000100100000010011000101010000001001111100111111110101011110101001
1100101001010110000100110010100110101111101000000011000101001010111101010100
0101110110100011010101011000101010000101010010000010010000010000110110101011
0010000101110010000100110010000001100100101000010011000001001000011000010001
0010001001111100001000110011110111000011011010000111101010000011111011011111
0000000001101100110001100011000010000011111111100010010000011101100010010100
1000100001110011001111001011011001100000000001010000100010000111010000111000
0001010111100100001011100010010100100111010101110100001001000010010110100011
0010110101000011010110100100010101000101001010011011001100010111011111010011
0010001101110101100001011101001110010010011101011110001100100000100101011011
1111101010110110011100111101011001011001111100100010100010111101100111101100
1001000010111010110000100110100100011001100100111011101010001110101101000110
0100101010001001000101110100011110000110100111001000111011100111000110001101
0000101001011000001001011011101100100111111000001011001000100000000010110001
0011110110101001000011100011101100100100101011110010100111100111000001001011
1010111111000110111001100001000010110110000111001001011001011011000010011111
0110111111100101111111011001111010110000001001100011100001001001110001100101
0111011101101000010110111010011111010011010000100110010100001110101110010000
0010101011100100010000101000111101111001110011101101000010111101000100001100
1100001100010111100010011000001000010001010101100110010011101011111001000000
1011111010111000110110010010010100011000001010100010110001010010001100100001
1011011100111110010011111100000110011111001110001000101101100000010000010110
1001101110111110100111001000111100101110111100110000011011000100011110001100
1010101110000110010100111010110111001000000011100100101001100100001001011011
1011010111000000000111110000111000001000100110011101001010000111011001110001
0111111010001011110110101001011111001101100101101011101000111011110011111001
0010011100111110011011110011010111010101111100111110001111100111010001011010
1000010011010100011100000100100010001000101100100010000111010010101010010110
1101100111011011001010101110000100000010011100001100011110000010011010110101
0001101111001001001001100000110111111110011110011100010010100010001000110000
0011001000100011000101000100100101100001101001101001110100100011100100001011
1101001010011010010101100111111010101000100111001001001000001100010010001110
0010111001101001110011001110010110101100100100010011001001110101010010000011
1110111000100000111010100100110100010100110110110000000011010100100111001101
0111000010111101001100100111111000101100100001011000111000001010100101100110
1100101101010000100010001010100010110010101000000010011110010111010010011101
0010110110111000011011101100010001101010010100100100110000110010110111111010
0111100101100100111111010011010011011111100011100011001110001000101010111001
0101010010010001000010110000001011111011101000101100001010001100010001000101
1100110011101010000010010000111011001011110010100001011011111011000010000110
1001110010010101000001011011101001000100011110011100101110101010001110100011
1101111110110100010010001001101101111101100001110010110100110111011001111100
0011011011000001101111000000010001011001110011100101100100010001000011100101
0101001000100010011111001011010011011101000101000001111101000101111001001110
0110110101101100110110011001100011000101101001011011111110111010110110010001
0100001111001110100001101011010100100000111011010001000110000001110110101110
0110111011101000101001101100010100101000100010011101011011000001110100100001
1010011101111101111101000011011000111011110000111110010000001100000111001001
0100100011101000011100111110010100100100010010001110101000101000000011000000
1100110101100000000010010010010100100100110111100001010111111010000110111110
0000000000000100110100010000010100110001110101011100000011001000110001100111
0000100001110000110011001001111001101101010101010111110000111001111101000001
0101010110101000101001101101100001001101101110110110001100111010110100111011
1010111110001100100010110011000111110101010011011011110000001000011100111001
0100010101101100100010110010011010011110010010000011101000110101010000000111
0110100110011111011010100000011010000101000001100010000000111011110011101001
1100011001010000111001011001000011001100100111100010010100100101101001000010
1110011000100001100000101101111001101000010100001001110010110011001011100000
0111101010110001010011011000101111100101001110010111100000110101010100001010
0100101010000000100111001011101110000001101011100010000100101100111001000000
0010010000111110000101111001010000010001011000100010111001111111011011101010
0100011010010100111110000010111111000111010000111010010101101011000010001011
0101001110111001111001111110011010111000000000101111010001101110011000000110
1000000011011010010010000001011110101011000111001010101110101000000011101011
0010001101001100000011001010010101101000000101110000100111001001010001111110
0011111101001011011100010100100100001100111110011101001111010101111001100010
1110101010010001110100011101010101100100100010001100110011000111010000110110
1010000110011111010110011110010011100101000010000011101010010111100100000100
0100010001111001010010101001011011011100011000001101011111111001111111010101
0110110010101010010110111011000011100101001100011001101110000110100110000110
0100110001100101110001011011001100000000010111101011101110010010111001001111
0010001100001100110001111000001000111100111110101100101010001111001011010011
0010101100110000011100011100100101100001000010001010101000000111011101000100
0000111001001001111110011110111011011011001010100000011010110010000000100011
0010011010010000110010011100111000000110111011101110001101111110110101111001
0110010000001111110011011101100101100100010101100010011101111110011011011100
1111011100110101100001000110000000100011110010100011101111111000001111011111
0110011100111101101001000110001101001110000010111101000100111011101000110111
0100111001001101010010111110110000111001011001001010111001010100110000110000
0010111000011010010100001110001001001100110010000001111000100011101100100101
0101100101001000111001010010111001011111010000011011100001110100010010011000
1110101100101011001110000111000001111010010010101001100000000001110110011001
1100000010101001100101000100011010110001110011011000110000101111111001000110
1110010010011010011011001111011010111010110010010001100001111001001111101000
0111000100101011001000110011100111011001110000111010011010001111000110110111
0100011001001000100001100110110110000011100011000001110100111111011110101110
0000000001101010001100011100101011000101011001110011000101101011011111111001
0000000111011010101101100101011101010111111101011110001001111101000000111110
0100100100001001001001101000100001000010001001000100101001011010000000101111
1011010100011001011110100000101000000110100111011101000101011101001000010000
0011111001100101000101101011111000110101001110110001000101011110101001101100
0000111110001001011001000100001011100100100101010110101110110110111000001101
1001001000010001110110100101010000100100100000110110110000001100010001001011
1100110001011001111001101001000011000101100100000010110001101010110110110110
1011110010000011110001000100110100001001101101101010001100110111000110110000
0100101010000001111011111101010101110101001110000101100010100101101000001110
1100011100011110000001011010100110101010001110100010001110011011111101001001
0010110001111011010011010100000000101001011000110101100101101100110010000110
1110001001001000101111001010010110011110000001100100010010101110100110001000
0010000010001101001011111100001100010101000101000110000100110011001100100011
0111000000001101010011000110111110011110010111101100000011100000011011110100
1001000111110101100101101010001101011101110001001010010011001100111101011011
0011000101001101011101001000100101110000111101011110100110111111001101001001
0100000010110111110110010010110000010011101100101011000101111110011001101001
0001100101110010001111101000001111011110010001010110010000100001001000011101
0011110111101000111011110011001111100010100010000011110000101010101010100011
1100111010000001000000110101011011011011111011111100000111001000101001000101
0001011100001010010110110001000111010101000101011001110000110001010000101100
1110001100100111000111010110110010010111111010111100011000100110100110011100
0111111000010001000011111011000111110010100011110111001010000010100000111110
0010001000011011011000000011000110000110111011100100101100100010111110100011
0101100000000001010101000110101101101110110000110110101001010100110110000001
0001001110001011010100110010010101010011100110110111001001111100110000100001
1000011101011001110011011011000101101101111011110001001010100110100001101001
1100101101011010000000101111000110000101001001010101010011010011111111110110
0100010000111000000101000100010111011100010110001110110000110010000010100001
0100011011001110001111101001111010100001101101100001011001000001000100010001
0000101100011000100111001001000101110000001010110001100000111110010010101101
0101001011111110111010000101101001001100010011011111011001110001110100100001
1010111000100100001001010110111010011101101100001000010111110011100010100010
0100010000110010101010001100110001000000011110000000111010110100001000000011
1110001111010100111001100101001101011010001000010110110000010110001110000000
0001111010000101110100010111100101000001000110111000110011010010010000011111
0000101011100010111100101001011101101101110100011000011111101001100111101100
1101111101101111110100011100101110110110011001101111100110001110111010010101
0110110010010111001100110011010100111000110010101011011001011111011111110111
0110010111001000001100010100011100100000101010110101000000101110011000100011
0111101110000100101000000100110111111011011011101101011011101011000011001101
1011000001100111000010111010111110110001111111100111011110111000100010110000
1001000010100111000111101100001001001001010110010101000000000101100110000100
1110101011101001010101001001110111010000011011011100010001100001111001100101
1010011000011011110011001100101000000011110001110011010110001110111001010111
0001100011001011000010110000100000100100111100100010001101000110101010101000
0110101100000000100100010100110101010100001010010001010011000101011101110100
1111001100010011011100000001000101011101100100111011001001110011110001010001
1000101100111001100100100011001000011001100010101000100101001010100001000000
1101101010111100001100000111011001110011000010101000101000100111001001000101
1010100010000011011100110010100011100100110110010110101110010101000111001010
0001001101101110000111110011011111100010110011111101110101101110000011101100
0000000011000100000100101101001011010101101111010011101001111100110011000000
1011111001100100101110110011100001110001001001101010000011101100001111011101
0001110011010100110111011100110111101110110110010100111001001011110101011110
1011111010110001011110000010101011100010110100010111110011001000100110011001
1111000001100110101000001001010010100010101101100011011000110001100101100011
1010000100101110001000110000000000110001101000010000011100011011000110001111
1111011111101010101110101100010101101110110110100101010110100110000000101000
0010110001100010111111000111101000110001000001000110000100011111100001100111
1110111100101100111000101000100101101110111000101100011100011100101000111100
1110001010001010111010010110100110110001000100110101001001010100001011110101
0111101000100011100001001101001111001000110010110001000111110100000101011110
0100111001010000100011111010001000001010101110010100010111001111011101001100
0101011101111001011000011110001011011001110010101101100111110011001011001110
0111110100100101001101000011101001101100100110100011011110101111011100010000
1010101110001100010001100000011000111101001011101111110111011010100000110100
0101000110011111010010111000001011000110011101100101110100001110001100010010
1101011101101101011110111101101101010001000010110110110110100111111010000001
0101001101101011110001110010111100101011000100100000011101111001001010110010
0011011010010111000101000110110010011101001110000010101101100111100100111111
0010110110011101010100100110110100011101110010100011010000000001000101101010
1110100001101011100001101100110001000110100110000001111011001101001100111010
1111111010001100100001101001001111001011010100111110110110110100001111101001
0111110000101000111101000101100110000100011010011010111110001110000100100110
1001110111000011000011101001111000101101111110110001000100100011001011001011
0101101111110100000111011111110111101100110010101000011101100100000100111010
1111011101011001111100101000111001100011110111011001100101000011110111011101
1010110011001010111001101100010000010001100101110011000111110010011100100000
0100011111010000010101111001000110010100001011000111001101000111010100001111
0001101110000000100011000111101100110111101000000101111111011011100010100000
1111011001010011000100100000010010001010000100111001000100110111010111110000
1110101000011101001100100010100100000010001101110111010000111111011000110111
1100010011111000010100011011010101000000001101001011011001101000001010110000
0110110110111101110000100011000101100111010011111010101110001000010010110000
0000100111000111010000110011001001010001101111100010110110000011101010101101
0111100111110000100100101110000101100110010000101101110101100100001011111100
1011011111100101100101001010010010001111001110111001100100101111101000000101
0111111001101011011010000101100000111000010011000100111001101001010000111001
0010011010000110100011110100000000010111101001010111110000011111000111111001
0000000010010010010000111111100010111011111100111010000111000011100001000110
1011011001001111011110111000111011100101111010101111001100011101101110111111
0011001011010111011001010010010001000100100001000110111000001101010000001010
1000111110000011101100100101100101010011101110101101000010111001011101010111
0110010011000100000001111100001011000101011101100011001100001011100101111011
0110010100101101001000101100111101110001111000010000010000101110011010111011
0010010011100011000000000010000000111001110101100001011110110010011010010110
0010101100010110010101011001000100100110000100111110000110010100010011001000
0000000100011001101011110010100000010010101001101010110110100000111101110110
0101101100111011100010111111101110010010111100011011101111110001011100110001
0001000011001110010000100111000000000100011100001100010000100101010001111001
1100100111101101110000000110100100000100001101110101010000101111100101101010
0100001010100100001111011001001100001011010110110010100101110100010011010000
1000110011110101111010110011110101110010100110110001110000011111110110011011
1110010011010110111111111100110001111010101001000010110010011011001001110101
1100101100110100011101101100100001100111010010101111011001001011101101110111
1100010101010010001001111000010000101000010101000110100011000100111100110111
0000010110011010111101010000001101010100101000001100110001011001001010010100
1011100101100100010011101010101110000010111010111101100010111010111011111010
0100110100011010001111111011100000110001101111001110011110100110100001000100
0001010000101010110111010010100101111111100111100010101101011011110111110111
1111001000001110111111010100010111101011011110101011000000001010000000101111
1011011111011010001101000110111000010010001011010100000101000111101110100100
0111000010011001000010010001100011100001001010100010010110001001000010010001
0000101000010111011010110011010101111100111000011000110001100010011011111110
0100110100000001000101110000001100101110110000011111110101001010011010100001
0110011010010010111000011101000100010000111001111110010101011100011001110001
1011101100101100011010000011111001011011111110011111100011001011110101101100
1111001110111101100010000010100111011101111010110010000110000111010010110111
1001101011100100010100111000101100011000011100110010100011111001000011101110
1010100111001000000010000000110110001000100010101100011110000011000011101100
1010111100100100001010010010110000100111011011010011000001001110110001011001
1100010001000000111010110001001010011110001111010011011101101000010000101111
1110111001000111101101110101001101111110010001101100101001011011111100010101
1010110011001011110111000110010010010010010000111100100111110101110010011011
0111101011100111000100010011111100101110111110111111111110101111100111001101
0001101110010100110101001111010010011001100010101001100110010010110110100011
1011111000100101001000001001101001110100011001101000101101100101110001001110
0000111001000100100110100110001110001110011000010110000010011100110110100111
1100010010100110101111110101011000011011111001110000110101000111110100000101
1000000111011011101101001001000000000011011001111110011010100001100100111110
1110100101010110110010000111101000111010000110001110010000010110001101101000
1001001111011001101111101111001001101000011010001100110011110110001101010100
0111100100000010100111100100111011010111111111111110110010111101000110110011
1100011101001000111000000111101000100110111010110111110000110111011011100011
0111110111010011001011111010011110000101011010000001101100001111100000001010
0101001100001000100001111011001001010000111101011101111101100111010111100010
1010010101111100100010100100010001011110011000001010010110101001011011000111
0000110110001110010100101011100100111100010101101110111100101010010100101000
1100011010110010001110010010101000000011001100100011110110010100001110000000
0101111110101010011011110011010100001010001010000010001100010010001010110100
0000000110010010000100100001110000100111110001110000000101101010011011000001
0110000110111100001101100001010001101011001000110100101111010010001100110110
1100101101011110100001011110101011000011011000111001000101000110011111010100
1111100110100110000110100001000011011000111000000011110001111000001001000010
0101011110100000000000111001110010000001000101001111100100110010110011111100
0101001100100111011111101001100010010000011111000110001010010110010101100000
0001111100010111110001100100000100001110001101101101011100001110011111111110
1100110100010110000100010101001000101101010100010010111010001111101000011001
1111010001011100000111100110111011001010001100111001110001000011110101100001
0101011101100100001001000111011100001011100001011110011101111011111010000111
0101101100010101011101000000101111111111110100100000001001001110001110100100
1001111101000101010001110101110001000110100100000001001111100010001011000000
1011101101110100010010001110011000100011111101010011100011000101001101000100
0100001011001011101011011000111110011001001101001011100110101100001111011001
1011001110011100101111001110000001010000110000100011001110010001110001000001
0000101010011101100011110110110100011111011001100110101100011000001110100001
0010001100000001000011100000000110011111110101111001001101100101100110000000
0100110001000100001011110010010001110000010010111101010110100111110011010101
1110010111011001010000011100011001001011011101010011010000101110110011100000
1001101011101011100000100100100010000111000100100011100000011011010000101001
1111010000111011111000101101000111101101010010100110000110011110001010101010
1111000110010000011111000110000110011100011011110010110111101000100110100101
0000000100010100000110111100011010100001010100111010000010100001111000001101
0001101000001100011010000011010000001000000000001111010000110011100101000000
1000011010011110010001100001001001101000000011010100011001010110001111100011
0111010001110000001111101000000001110001010100000110100100000101111010110001
0011110110010101110011100101100011100111010110100110111110111110011110000100
0101011110111011000010010101110110110111110011010011010001010001011010010011
1001101100100010010000011111100011011100100011000100011101111111100001001001
0100110010000100110010000011100010000001100000000010001110100010100111001000
1100111101001010010001001001101001011100111101110001001011010110011010001110
1001111110001110000111100011110001110110110011100101110010111000101000000110
1100010110001100001101001111010001110000111111010110110010001101111110010000
1110110100001001010101101011000110100010001000100000001000110111101001001100
0010010000001110010011101001111010000100000100001000011011010011001011011011
0100111101000111000011111001100011011100110011101100011110110011000010101000
0100010011110100011100001111110101101110010110110001011110001111010001100000
0011111101110100101111110110011001101111010100000010001000100001011101001101
1101101001010110000011111100100011000010010101011111000011011000011000111101
0011010001011111111011100000101000010110100010011110011110000100010001110011
0101001101111100101101101001101110101011100110111101010111110111001110110011
1001110010000110111001110011100110011010111111000110110101000101010110001000
0100001100010000100101001000100100011110010100111010001111110011111111111101
1100100101000011101100110100100001100001111001000101100011000000011000011000
1011011111100010101010001011101101101011010001100110110100110010000000000100
1000000100110011010110111111010000011101001101011101101001001011010110100000
1001101000010101110101011001000010011110101111001111001111110010001111101000
1010110011001011001011010000000100100111101100101110100000000010001101100101
1010110001011011101000000110001010011101101100001001001000010001010011110011
0100001000101110001010111001110000011100010100010011001010111000110001100110
0101001000011010101100010100110000010100001101011100101101010111101000011100
0100001010111111101111110111100111010010010101001101101111100111001000000000
1011000110111111001001010000010000100001011010000111001001010111011011101110
1001011111100011101000001100010011111000011010001010100011010101010110001011
0111010101000110011000111000100111011011110011111110011011001000111011010011
1011010001110101010000101011110000110100110101101001011110101011100001111110
1010000101010100000011001011011100011000111111011000010010101101111100011010
0111000101001010110101110011100111110110010010010101110111100001111101000000
0001111011101100011001101101110010000000110000100001100010000000110100000111
0111011110101110111000100001111001100111111001111001000011000100000010100111
1000111111000100011101011100101111001010011111000000000111111001000010111001
0001010100001110101011011010101111000011100100111001110000000101101000010100
0011000111101101110110101101010100111100100000100010011100110101100111000111
0110010100100001000110111110011111011000000001100011100011101101110001110011
0101000110001001000011111001111001110101011101111100001001011000100100000001
1010100100000010100001010010011101000010000010000000110111000101111011101100
0010010101111110000110101011011100110001010001101010001100110000101011011010
0000110101101010111011100010111001110100011101011111010011100111110000101001
1001000010110011011100001000110100110110101100110001110101001110111010110110
0010101011111111110101101111000000011000010000101110010010101001100001000000
0110111001001101011100001010101110000000110111111001000110111011001000011011
1001000100101111011110101100101111111101000000000100101001000000111001000100
0100101100011010001010000101001010100110010001001000110010011000000111000111
0010100001111110011101101000011100000111110001101010100111001101101001111011
0100100010100011100000110010110010100011101011101110010001011001110001000001
1110000000110110001011010110010011100110010011001111000001011011011000111001
1100111011101001010101101100110100110011010101111011111111010111010010101111
0110010011111011110110101110110101100110110010001111011011101010111111011001
1011010111100011110010011101010100001000111111101110100101000100011111110110
0110011010110010010111100111011011010010110111011111111100111000110111110000
1101110000101101100101100011010000011000011110110010010100000101010100111010
0100101000000101010001001110011101100101100100101010111010001110101111100100
1110000111101011011110111000010100110001111011110010001110001011111011011111
0110100100100001111101001110101111110111110100011100000101110100101111100010
1010100000100000110100001011000011001000011101010000000101001000111000111100
0101000010001011111000001001000100111101001011011100010111111010100110011110
1100111011011010001100010011110110011010000100110110100111011011110010001100
0010110000111100011001011100110000001101110110011100101010000001001000110000
1101001010111110001001101111011100101110000001100111001010100100001010110111
0000100000011100100010101001010110011010110001111101101110010111110010011101
1010011101101111001101000000001001100000010110001011101010110100010101001100
1110100111000011111010011010000011101111101001000000110010101101001110101011
1011100100010010110000111100100110110110011101100101010000011101000000101111
1100011001101100001000001011001001110100100001010100110011100110100011101110
1100010011011100101001100100111111010000110000111111000100111001100101100100
1111010000001000100011101001111100001101011001000100001101001111100110100010
0100110111010111010001000010100110001000100111100000100100110001110011010111
0001100010010101100101001011000000100001100011111010010011101010011011001011
0110100010000110011101101010111110001011000100011111110101111001100010010101
1000010101110011010010100100001110001001001100110010101010010001010100000001
1010101010010011001010100110001110001011110111011101100110010000101011001101
0110111101101100001111000010000101010100111001100111010001101110101011111010
1110111000010011001001000100001000000011011011011010101011111100000001110100
1100011001001111011001111011011111010111011010011010100100000010001001001001
0110000100000011100000001100000011100100000100001111100111100000010010101110
0010100100110100000011111100000100100100110000011100100110100000100100101000
0010100010111010001101110111011000101000100110011011000001110001001001111000
0000100110010001010111001101011011111111000100101110111001110111100100100011
1100010011100010110101100100010100000001010011001110101111000010001001000110
1010101000011010100011111010111110011001011011111101001011110111110110100111
0100111010000011100100001001000101000001001000100011110111000110100100001010
1111110110110111010000011011000010101100100110011011001101010001110101101000
1101001100110100111101000000110101001001000100110110000011100100110000010111
1110001110011010111111011010010110011110111001010110010101000000001011001000
1011100111100101111011010111000110010110010010101110000111011000010010110100
0010001000100001111011101111011000111011111100011010011110100101100110000101
1110110101001010100000000001100010101100111110000110101100111011110101101110
0001001010101111011101010001011100010010001110110111001111000011101000010100
0110000111111100000111010001110011011001111001001101011010001101100110111100
0000100111111001000101110110010010110111001000100101111101100101111011011101
1001100001000001010100110101011010100101001111000001011011010000010100011110
1001111101001101100110000001010011001101000000111110001101100010101000101000
0100110100101101101001111011001101101110000100100001100000100000010000000000
0011011001111101000111111001110100111001100000111110000110110101010100101000
1011010001110100001101010011101110100001110111000011010111001011011011101101
1111011111011001001100001101110100101011110110010100111001101111100001010110
1011110100111011110110010000011011010110110111011111011101000110110010100001
0111101011110110000110000000100100111100111101111011001001011110110100101000
1010110011100000110110101101100100001011001011011101111111110100100001110111
0100111101111000000010011010000111100111010010111101001001110011000011111010
0010001011001010100000110101010011001100101001100100111011101111100110110100
1001001111110010111110000011001011001110101000111101011100100000110111011000
0001000110111101110100000000010100000011011010001101000111100011001101101100
0110101111000100110100001001010110010001101001111111100110111101001000110010
1110011001101010000011100001110100001011101110001010001001110101101000111100
1111001111101101000110010111111010010100001101100100010110111011000100111010
1010110000101011000001001000001110001110101010011110010101110110010010111001
1000100001100111100001101110010011000000100001100000010111011011010011011110
0010100100111010101001001111011000001000001100010101100100001011100000100010
1110111011110010100110010101011111100101011010010010011000111111001000000000
0010000010101011011101101010110011110101101000000101011000100011010111011110
0101110011110100100101010100011101100000101101001100000111101000000000110110
0110101111010111010000010000011110011100101001100010010010001000011110010101
1111001000001001101101101001101110110001010101000100001011111010111010010111
1011011011000000011011000010111110111001101100110001110111011010101010010100
1100111000010000101110101110100100101011001000101011110001011000111010011101
0110011001101100001101001001110010001110001000011000011100010011111001010011
0000000101110111010010010001011001101110011010011010011111000100110100101001
1101010110000001101000000110010011001001010100011000001001011011100110100100
0000010100110000010011000101001011110010100100000000111001000010111011111101
1101100010110011100011001010000101100001100111101000111010111110111111100001
1010111000100100100100010101000101001000100001101101110000011100010010001110
0100110100001000101000000111000101010110000000011110001111011110011010011000
1100110110011001100011011100111010011001111010111100111101001000100011110101
0000111110010110010111101001111001001111111000100110111001011010000100011011
0100000110000111001100111100100011000001001110110010110001010101000100010000
1001110101010000101101011010001110101100100011001110011001010100111101010100
0010100101011101100010010011001110001001100010100000011100110001001100011101
1011011001101100001010000000001000010010001010100101011000110100000111101110
0010111110010100000010100101100111011001001000111011111111010110111001100110
1010100010000101010010110011001000110110010011101110001000011110100001101001
1011011101001011111001000010011000010001101011101101101111011110111011110001
0010000010000001010100001001110011010010101011101000010111111110011100011000
0011010110100100000000011001000101110001000001100011110100101010000100001110
1111100111100000111111010000110001101000000101100101101001010100111111000001
1110100100101011100101100111101001001001101000000110001101000001110001111001
1100000111000101000110000010011001111010110101111010110011010001100100010100
0000101000000001001000101101010001001110000001001011111011011110111100011111
1001010011010011011110101000001011100101110001110001011111111000010011110000
1010000111001110001110111000110110010101001111011100101111101001100011001100
1110100111001100111010000011011001101100000011100111001101110110000111000011
1011101101000010010010100000001010010111010100000010011100111001100111010101
1111010000011001010011010101110001011110010010111000110011100011101011011001
0101100101001101110011101101100110100111001001100111011010010011101100110111
0110101001100110001010010000000111001011000100010110000001001011011110011010
0011110000110010110100101010011000100010110000100011100001001100001000110110
0111100101001111011111101010010000110011000111000101001000101000101000111011
0000000111001000010001110101110011011100101001101000010111001100100111001100
0010001100001110010110010000110101000111000011101010110010100011100000100111
0010000111010110111010101010011110111010001100100110111010111101010101101100
1111101111000001000111001000100010110010111101010001100100011000111101101011
1011000001110000111000010111101001000110000101100001101101100111000100101001
0110011001000011100111110100001111110100010000000001001000111000110011111011
0000000111111011000010000000111101100101111000111110111100010001000100110100
0110110101001101011111010001100100011000110011110010000111100100101001010111
0011111110110011111100101011100111111001001100111100101011000111111110101100
0001100101001001000101111011100101101001110100111111111010010010000101000011
1010110110011011110110110100000011100111010100011000010111011100111101100111
1100100000001100011101001100100101010010000000000001110010001011010010100011
1111000111010001010100001010110100110001100011001011001110101011110001100000
0110001110001011001110011010011101000100001001001001110000000101111010001011
0101001100001000101001110111111001101011111101001010100101010000110000101011
0100001011011001101010111111101011111100111001101010000011010010000100011010
0010110001010111000001111001111110101011001110110101010011111000100100011100
0000000011111110111000010011100011100000101011011111000100010011100000101010
0000000000000110001111001100110111101010010110010011001111101010011100101100
1000111001101101000000011010100001011111101010110101010101001001111001001000
1000000100000001011011110010000110101101001000111010111100010100011100110010
1000111010011100110101010011000010001100110111100101001100100101111110011011
0111101010010011111101110010001001100010101000010011110011100100100101010111
0001011010111101100111001011110010010000101101011011111101001101110111101100
0001000111000010010100010110100111011101111110001111101010110011010001001110
0010000101110101000000000001111001001011110000011010101000001110011100100000
0110001110101001100000100010010100011000100111101010010011100000100010101010
1011010101100101101100001010110100101111101110011101101111000101001010011010
0100101000010000011100010100011101101101110010001001011101111111111010011111
1010101100111100011110010001110011011100101111001100011101001101110101110110
0001000001101100000001011010001110110100000110101110001011101100001000101011
1101111101101101100111010001000000010110100100111000010101110110011100111010
0000101110111010010000101110101100100100100001001110011011010000000101000101
0101000000011101111011110000010011010111101011011000101010111010001111110100
0011001100100010110101000000101000100001101000111100101000110000101011101000
1101110011101011100110110111110111010010101111000101101101110001001111000001
0001010101011011011101000001011010111000101000100000001010010100100100010000
0001001111011111010000100011001011100111101101110111011001001100001010000111
0011011001010100111111001100110111101101100000010001001101110101001010110100
1011101001011110010100010101110000000001110001010001011010010110010111101110
1011101011000010101011101101111101100111110111100110111000010011001110011010
0100001000101111000011111100011011110010101111010011111110011000000001010100
1100110010001101010011000010101010100110100111010110100110011001000111010011
1000001100110010110110111011000000110101000011000110000000111100010001101001
1111101000101001100100011100110100100001111110100000010100111000010110111001
1100001110100011001011010010110010111010111001011100010100100110101010101000
1110001011111101111001111100000110100000010010110111100010100111110011011010
0101100001000101101011110101001011100101001000011010000000111010000101110100
0111110001110000110100110100110111001000100000010011100111110110000110111100
1110001110000011010000001110011001010010011010011011101011101011001111001110
1000101010001001100010110100000010000101101101110011011001000011011010100101
1101110001010101111101111110000101110111010000010101011110100010000101101100
0000011011000011111000001101001010111000010101101011110010101101010010110011
0101100001011010100010000111101000010111011010110010010110100100011010100001
0100100001000100000001100010010010001110110100001011001000101001000110000011
0111111101011011011010101110110110011010110001100010101110110100100100111010
0101001001000010101101001010110100110011110011000111011000010100011110100001
1001001010101101110110000100100001111101101010101000001101001110111001111100
0010111101000111000000110101011010111110000101111001101110000001101001100111
0011100001011110000100000111010000100000011000011010111001110100101010100111
0110011110110000110111000000001010010001011111010010111101111001110001100011
0101110111001110110100100010010110110000110110111001100111000000110111101001
1110011010011100011001010100101000011110000011111011001011100011011011000000
1010000101010110111111111101101100101000010101110100001111001001110111011100
0110111001010110001101110000011111100011001111101000011100101101111110100110
0100001010001011111100000100101100101001001100001000001011011111101111001010
0101011110010010110110001100011010000100011001010000000101111001001010001011
0110000010011011011000001101001100000010110111110001010001101100010111001111
1101010110111001110000010110010011011001000011011010101100011011111010000000
0010100010000110011111111000010101011100100011011001111001101011000100011010
1110000010000101000101010001110100111001101010101000101111000011000110010011
0001100000001010010011101110000100100000110011000000011110101111110111010011
1001011001010111000000000011100010111111100010010011100011100111010000100001
0101111001010100010110001010001100000110100101100000000011001101010101001000
0011011011100100010000001010000001110000000101101010100110011001001111111000
1011100110000001000001011010000001000000111011010011010011100001010110110001
1010101000101100000101001000010000000100111101111100110010100001100100100010
0011100101100000011010010001101111101110011110111001100001100001111011100101
0001101011011011010101011101001111001111101011101111100111111110001100000101
1011111101000101101100011000011111001101100001101101110000000001001101100111
0100111110011100001111010100011011001110101111001101100011101101101111100011
1010101000010011011000011011101110110100010101101101100100101101101100001100
0101000101011111111001001100101100110110101010111011010100000101110101011011
1110111010111111110100001010110111111101000111010100011000001101101111011011
1100110100110110110100011011000010111100101001000000000100010101101001100111
0111010110100100001010100010001111000101111111100000010010000000000000100100
0101111110110011101101111000011101000100011010011001110010110111011101000110
1111101101000110100010001110000010100101000010100010011000000001000000011101
1001011000001100000110100111101110111101111010010110011111110001111110111110
1100110100010010000100011011100100011011111000001101111000111111100100110101
0001000110010110100011000010000010011011110010111111100011110100111001001000
1111001001000110000001011011010100011010000000100111110011010000011000100001
0000111111010001111001100101011110010000100010010010101111011001101011101000
0011010011001011110010101100001101110111001011001000111011111111101010001110
1010010101000010000111100110011100011101100101100010011000010100101100101001
0001010010101100011110101001001100000000111110110000010101001001000100000001
0100101010010111111111001111110110001010100000001001111110011010110011101010
0111011011011100000011111010111101110010011111001110001111100000000101100111
0110110100010111111100011110110110010000001111111010001111111100010001001100
1111110011111101001111000111110111000110100100011111000011011011001011010100
0101010111111100011010000010100000101101100011101101100100011010111101110111
1100010010111011000111110101001101100111101000011101100001110101100110110001
0011010001100010011000000011000001011000000011010110110010001000010100100000
0111111001100010101100110000010000110000101110011110111010011111100100001010
0100001110011011010000111011111100111010011110101100011111100011100111100100
0011001101101100110011001111001111111001001111000011100111101100111100100001
1111001110110100000010100001111001001111111001111101010000010011001111011111
1111101010011001111101011101011011111111000010001001101100110000011111100000
0110110010101111111001110110011110000001000101110001111001100100111101101100
1110010011100001111101010001101001110111110100111100110010000100011001011101
1010010100101110001011010110110110110110111001100111101101111110011011101111
1001111110011110110110000011010010110011110100111111011101111110000001110000
1111111110100110000110100000001010001100000101100011011111101100000011101010
1011000011011100100000001001000011101001101000100111011001101111010100111100
1011001011000011011000001001100001000000011011110110000111110010010111001110
0011010001110010100001100100010110000110100101111011001111101001001101111111
1111111101101111111101110101011111010000010100110011111111101011011111100111
1111110110100000011000111100001101101100111010001110011110111011111010001101
0111000010100001011010111010110100111011111110110001100110101010110111100001
1000000101101101101000001110011111011011111100011111100100001110111001111001
0100110111011101010000000011000010111111101101111101110001101010110011100110
1010100110001110111010101001010100000101010000111010000101110011101111011010
0100111000001111010010010111011001010100011110101001111011010000110111000110
1100010111011000000000001100000010001010100111100011011011011000100011111011
0101011101111001000100011000101100101011110100111010011111101101111001101100
1110100101000100100001100111110011101110001101110101010000010100000111111001
1001011000001100110011111110001010010001100100001000101101011011011100010110
1001010000010110111101100100101100000001101010110000001100101111000111101111
0001100010001111111011010010011000100001011100001010011101010001011101111010
1101110000111010011001100010110010101000110011000111100111101100001101100000
1011100001001110111100011000000010010011000001011110010100000111110100101000
1001000010100110101101000001111111011110110010100000000001010111110101111001
1001110111110110100110101110111110111111110101101010110111010011111000111110
0111101011001110110100100010101101001001100101101000101001101101101101111111
1110100110001001101001101011111010010101111100100111001010011101011010110011
1111111101110111111110101100100111001101110111110001011100011111110111100101
1111010010010110010010110011000101100111000100011010000111001101000101110011
1000000100101110010111101111000011000110010001101111100010111110111011101101
0000011100001110111011010000111111100110110011001001101111000011110100111111
1110111001100100001100100011111010111001000001101110100110010100011110100001
0100011110100101001000110110100101001011100000101101110100101010000000000110
1001110001001100000001100000101100000001101010110000011100101111000011101111
0001100011101111001101100000011111111011100110110101110101111101010010010111
0010110111000101010011001000100000110110110100110111010110110010010001001100
0011001000011001000010000101001110100100111001100110100101111111111100111100
1100111101110101111111111011110101101110100111110001011100011101011001110110
0001000111011010000111000110000000101010001111001010111000010110010111110110
0111011111110001001110000110101010100111010101101100011111011111010010111000
0001110111100101001101110001101101010000110011010100100111101110010110110001
0101110011011011011010000000100110100100000000000101110111000011101101010011
1001000111011010100010100001100100100000100001110000101011100100110000010101
1001011110001110101110001000011110001001110010111101011011100100000101100100
1000110010100110010111111100101011010110111010011001001100100001100100110101
0001101001111100010111100010001011000110000010110100111010101010111011101110
1100001000011101011111110011111000110101001010111001011011000110100111100000
1110001000010110110010101000110001001011011101001110010110000100000110010010
0110110111101101000110010110111011110101101010000111100001101010101000100100
0110010011110010101110000110000010010001110000111101011001010110110010111101
0001011000000011001001011101101010111011110110110000001111100100111011110101
0111000001000010101011001100110100101111100111100000111111011110110010011010
1110111110111111110101100110110111000000000100110110011101010000011110100001
0000001011110100110111101001110111010110101101110001000000011011101000010101
0111110111110111111100101101101010101100110110111100011011000110000010101101
0100111011110101111010101011001100110100001011001101101010011001100111000100
1000101010000000111010010000100011101011101010100011001001111001001101110010
1110000111001100010110110110011000110101000011000101011001101000110011101111
1100011001000101001101111000100100000110000101011111001100011001110000001000
0110110101011011011010011011000000011001100100011001110110101110000001110001
1001111100001011100111001001101001100001000100000100100101010111011110011101
0101001001010111000100101010111001001101101001111101011100100001001011101010
1011100001001011000001011100000010100011100100111001101111110010111000000100
1000110100100111001010000111010101111000001111000000110110110010000001101100
1000000101000110110011110010010000000011011000011010010010000000110011011000
1110000001101100111101110011100011000101100100011010001001101100100100111110
0001010100101001000011101001010001100011010111000001010010100100000010111001
0011111101010010011000000001001010001110011011110111100100010010000111011001
1101101000100010000011011010110011000100111110011011100011001110101100010011
0001011001001001100100001001101110101011001000001001011001011001010111000010
1000110101001111000000101000011100000110010100000011001001010001000011100001
1101110100100001100101001000011111001111111001011001000110000100100011001010
1111011111111001101110011111100001000011101010011000010100110011000101011011
1001110101100011110010011110100100000101010101000101101010001100001001000011
1011011000001011010011011001101100011010111010110001010011000010100101001010
0011101100101110011100101001110010011110000011010000010100011101100111110011
0111010011100000101010001000100110101000100111000000110110101001111001111010
1000110000001001001101100111111111100011010001110111011001010010101010100100
0100111000100011000101000010111110010001001110101101111110011111001101101100
1100100111000111011100011011101000011001010100011100110011001000010111110110
0100001111001000110111000001001000100011011100000100000100000110110000111111
0100101100011000100010101000100111000101010011011000101111000001010110100011
1100100110011010111000001101010011111111011101111100011011011111101011101001
1111101110011010001101111100100111000111011000011011100011000001101001010100
0101111011101111101100001100111110100101011110111010101110001101011011000001
0111010000010110100001000011100100100001110001001000011100001110000001111011
1100001010011110010001010000101000001001010011101101110101100000010000110000
0001010100011110000101001111111001010110100110010011011000000110100010010101
0110000000100110000010100000001001100111111101010111111011110100100111000011
0101011010100111110001001001010111110001010010101111100011010111001111101110
0000001000110010110100110101011101101000100011000100101000110110010000100101
0010101100100000111011110011011101011101101111011110011101100111001010101001
0010000001000001111010001101001010100001101000100101110001100111100111100110
0110000010110010010100100001100010111010000100011010011010110010010010010011
0011101011010111111101111001110101011010010001011011001110001110010000001001
1111001001011011000001010111101100110111000101111111001100110010101111011100
0100001111011111111000011000101000101011110000000110010000010001101110101000
0101011111111001001001011100011101100110101110110110001101000010101110010000
0110000000001101101100010000000100111100101010100101100111011010000001100100
0100110010000100100110110000001000000111101110101111011001100110001100110110
0011100101001011011000010000010100100011001110111110100010101110101010010101
1001011110101010011010101111001100000000001010100011011001011010100101100110
1101101111111011001101110011101111001001010010000100100111001000000101001000
1000010100011001000010011110100001010111111110010000101101011000001110011010
0100110111101111010000111101100111100111010011101110001101110010000011111101
1101100100000000100101111011000111000000101010110011001000111110010000111010
1110010100011010111101101111011101010100101101000100010111101100010110011110
0011000010101010000000110010110010100101101101101000001110100101001101000001
0100111010011000000110110100101101000010101011000101000111001110001100100001
1100111001110111011111001000001001000100111010011000000000100001101000010111
1100100101000111000110000010010101110000000101010011100111011001111000011001
0000011001000110001001100101101000001111100111101010011010000000010100101100
0011011000010000011010101010011111010001000111010100010110000010101010111010
0011010110111111110100000100100010011010100101110011001110100111011011011000
0111101111101111100011100110101000001100110011010100101001100011010111111101
0000100100101111101100011001100001110000110010110010000100111110001010100100
0001101110001100100101010100000100111111101000111001000010010110001010000001
1000101111100111101110101101100011110110000010011111000100100111111110011110
1110001100000100001001110000001101001010101010100101011011111100101111010011
1011011001101100011101100101110001101100001001110101010001011110111111001010
0000001110000111001000100001011010111000000000011001001000001100101001001111
0100100100011001110010010011000010110001110100111101001110001110010000000110
1011010110011011001000110101100010101011100000000001110110101110110110000100
0001111010010111100110011000011100111101000001010010111000011001110000101101
1001011001001110100011110000101010111111111011010111111001001111101110000001
0011101100101001100011100111100011000100101001100110110011110011000110111101
0111011111100111100111000001110010011000100000101011001011000111000000010101
0011100000001001100111011010001000001000001110000000010010110011000000110100
1110000001100010100101101000101010010010101110010000100000001000000101100100
0011111001111110001101100111101100111001010101100000101101010101100111000011
0101000010011000111010111110111111010101100111010000100011010001101110101100
0110110000001101001101111010011101101111101101111011001010001000100010100110
0101101110001011000000010001100100011100011010001110111111001110010100100101
0111001111101110011000000111000111011101101010100010101110001101100110010111
1010110100110110000110010000010000101101010000000111011010010101010101101111
0000101110001000000001010000110101011110011110000111110101111011111010000100
0001010110010101100100000011001001000111001101100010111000011010100101100101
1010100110110001001000010110101011000110010100110001011100000011011110111000
0010111011001000110100000110011010101110111110000011101100100001101101101110
1100111110101011001110100011011000011000000010110010001101110001001000110100
1100100110000101100100011111101011010001100000110100111011111010110101011110
1100110110010001011110010101111011100011100001011011100111101101111010111111
0011100100001110011000010011011110000010111010101100111111101111010111001010
1000000010111100101000110111110111111111111011101001110110110011111110010110
0111011101101111001111111111110011111000111100101101010111011101010101111111
1111111110001100001110011011101101110110111101111110011111101111110111110110
1100001110111011101111111111110011111001100001111111011111111111001011000011
1111101111101011111001111011111101101110001101110111111011011111110011111111
000001110110101101111111101111100110101010010010111011010000000000000000
DIXIE
source ${Anonymous_Zpt}
rm -rf ${Anonymous_Zpt}
